-0.00001 0.19799 0.06491 0.12740 0.06707 0.02592 0.07617 0.14428 -0.00001 -0.00048 0.00026 0.00265 0.00047 0.01366 0.06984 0.04988 0.05596 -0.40702 -0.00380 -0.24066
0.00018 -0.00003 -0.54473 -0.17679 0.27949 -0.21388 -0.25703 -0.08944 0.08362 0.00479 0.00091 -0.15632 -0.00202 0.16357 -0.00121 -0.35803 0.00052 -0.01121 -0.07618 -0.00346
-0.00090 -0.00020 0.00000 0.00021 -0.00006 -0.00529 -0.02188 0.24096 0.00042 0.00058 -0.00082 -0.00083 -0.00002 -0.00384 -0.00128 -0.00601 0.00047 -0.32768 -0.01215 -0.00058
-0.00056 -0.00084 0.59082 -0.00000 0.00351 -0.03887 -0.01645 0.03366 0.00216 -0.00121 -0.00057 -0.02625 -0.00023 -0.32913 0.00109 0.00026 0.00053 -0.01654 -0.00889 -0.00756
-0.00113 -0.00016 -0.15815 -0.00525 -0.00002 -0.00090 0.43714 -0.13790 -0.00016 -0.00033 0.00038 -0.00097 -0.00078 -0.00130 -0.00041 0.62147 0.00098 0.41638 -0.03175 -0.00612
-0.00020 -0.00085 -0.00036 0.00081 0.18705 0.00000 0.04106 -0.00106 0.00003 -0.00036 0.00076 0.00113 -0.00056 0.00004 -0.00002 0.03510 -0.00004 -0.00531 -0.00126 0.00116
0.00043 0.00009 -0.00176 0.00661 0.00004 0.00077 0.00004 0.09273 0.00012 0.00074 -0.00007 -0.00065 -0.00019 0.00006 -0.00040 0.00026 -0.00023 0.02055 0.00061 -0.00176
0.00001 -0.00030 0.00072 0.00011 -0.00032 -0.00757 -0.00051 -0.00000 0.00073 0.00002 0.00110 -0.00110 -0.00643 0.00702 -0.00138 0.00178 -0.00068 -0.15565 -0.00337 -0.02076
-0.00209 -0.00225 -0.05920 0.00485 -0.88413 -0.24677 -0.14836 -0.00946 0.00001 0.30000 0.03335 -0.02983 0.05609 0.00062 -0.00378 -0.06589 0.00044 0.18816 0.59874 -0.00343
-0.12287 0.00471 0.08642 0.04173 0.09331 -0.03595 -0.05537 0.00843 0.00041 0.00000 0.15307 -0.03706 0.05755 0.00194 0.05271 -0.07762 0.00285 -0.37315 -0.04473 0.29821
0.50664 0.02041 -0.05609 0.08422 0.02331 -0.00711 -0.01879 0.04752 -0.00089 0.00036 -0.00006 0.80859 0.00146 0.01171 0.08111 0.00240 0.05023 -0.55723 -0.00345 0.35461
-0.00004 -0.00094 -0.00615 0.00098 0.03437 -0.05872 -0.02320 0.03047 0.00047 -0.00018 0.00019 0.00000 0.00206 0.03267 -0.00132 0.01046 0.00045 -0.00168 -0.00358 -0.00188
-0.01973 0.01121 0.01536 -0.24792 0.05928 -0.04441 -0.07022 0.00087 -0.00090 -0.00083 0.03511 -0.02316 -0.00001 0.02906 0.03713 -0.04168 0.00070 0.03016 -0.00337 -0.00333
0.00017 -0.00081 -0.02354 0.00011 0.03171 -0.04804 -0.01454 0.00394 0.03536 0.00699 -0.00117 -0.00115 0.00007 -0.00002 0.00158 -0.04299 -0.00202 0.01232 -0.01251 -0.00060
-0.00104 0.11987 -0.04594 0.04947 0.21045 1.08786 -0.12995 0.02228 0.00046 -0.00016 0.00076 -0.04570 0.00115 0.06373 0.00001 -0.18593 0.00003 0.07877 -0.02660 -0.00058
-0.00216 -0.00015 -0.00290 0.00492 -0.00002 -0.00081 0.52101 -0.00338 -0.00032 0.00010 0.00029 -0.00076 -0.00133 -0.00037 -0.00033 -0.00001 0.00062 0.02585 0.00118 0.00161
-0.00168 0.20412 0.08440 0.18094 0.12506 -0.18337 -0.17973 0.01649 0.10819 0.00492 0.00080 -0.10906 0.10949 0.04222 0.28230 -0.04182 -0.00005 0.45578 -0.09557 -0.00072
-0.00035 -0.00074 -0.00001 -0.00010 0.00030 0.00205 -0.00014 -0.00021 -0.00028 0.00012 0.00012 -0.00965 0.00401 0.00077 0.00002 0.00351 -0.00002 0.00003 -0.00304 -0.00273
-0.00047 -0.00251 -0.00537 0.00509 0.00112 -0.01084 -0.01690 -0.04160 0.00015 0.00126 0.04026 -0.02634 0.03781 0.00387 0.00158 -0.00112 0.00060 0.02883 -0.00000 0.00059
-0.00032 0.02135 -0.03236 -0.00192 0.00373 -0.02804 -0.01872 0.00053 -0.00060 -0.00012 0.00004 -0.00899 0.00399 0.02938 0.02909 0.00074 0.06335 0.00171 -0.00441 0.00005
