0.00001 0.00040 0.00153 -0.00000 0.00001 -0.00029 -0.00589 0.00036 0.00018 0.00009 -0.01536 -0.00291 -0.00201 0.00020 0.00278 0.24799 -0.00013 -0.00011 -0.14705 0.00184 -0.00740 -0.21577 -0.00482 0.00529 -0.00036 -0.00327 0.00293
-0.26041 0.00000 0.88098 0.05326 0.09987 -0.05289 -0.07768 -0.01537 0.00304 0.05271 -0.00279 -0.02588 0.10396 -0.00024 -0.08899 0.00413 -0.00006 0.03277 -0.05007 -0.04550 0.00443 0.02190 -0.01582 -0.00450 -0.02241 -0.04446 0.00623
0.01377 -0.00003 -0.00000 0.17559 -0.00870 0.00493 -0.01441 0.00128 0.00119 0.00316 -0.01030 -0.00814 0.00039 -0.00010 -0.02302 0.00170 0.00005 0.01352 -0.01165 -0.00765 -0.00291 -0.00066 -0.00502 0.00846 0.00462 -0.00529 -0.01724
-0.20822 0.00034 0.00049 -0.00001 -0.00863 0.00066 -0.00348 -0.03262 -0.07190 -0.00098 -0.01488 -0.00023 -0.00026 0.00005 -0.00238 -0.01827 -0.00012 -0.42051 -0.34284 0.00132 -0.00645 -0.01077 -0.01316 0.00537 -0.00290 -0.01348 -0.37200
-0.19729 -0.00025 -0.00175 -0.00658 -0.00000 0.00460 0.02868 0.19011 0.11349 0.44310 0.01198 -0.00239 -0.00333 0.00561 0.00003 -0.71070 -0.00001 0.01363 0.01220 0.00060 0.00684 -0.00601 -0.00031 -0.06603 0.85035 -0.00098 -0.00868
-0.00069 0.00139 -0.00097 -0.02970 0.00331 0.00004 0.00004 0.00274 -0.01516 0.00039 0.13340 -0.10894 -0.33588 0.01327 0.00003 -0.02000 0.00013 0.00087 -0.01568 0.00007 -0.00418 -0.00176 0.00019 -0.00899 -0.00076 0.00038 0.14247
-0.00213 0.00121 -0.00023 -0.01409 -0.00130 0.90957 0.00000 -0.09483 -0.01102 0.00098 0.03248 -0.01107 -0.01247 0.00474 -0.00017 -0.15222 -0.00009 0.00131 -0.00749 0.00006 0.00012 -0.00251 0.00020 0.03179 -0.00350 0.00008 0.01388
0.08689 -0.00096 0.00802 0.00269 -0.00030 0.03736 -0.00065 -0.00000 0.67904 0.00247 -0.00369 -0.00347 0.00935 0.00104 0.00071 -0.00757 -0.00011 -0.00037 -0.00363 0.00029 -0.00262 -0.00908 0.00015 1.08833 -0.00001 -0.00073 -0.00151
0.16284 -0.00505 0.00502 0.00052 0.00009 0.00356 -0.00461 -0.00025 -0.00000 0.00010 -0.00277 -0.00454 -0.00220 0.00095 -0.00094 0.18308 -0.00010 -0.00057 -0.02601 -0.00050 -0.00625 -0.00994 -0.00193 0.00194 -0.00037 -0.00223 0.00537
-0.56144 0.00115 -0.01473 -0.00224 -0.00010 -0.00302 0.06846 -0.00311 -0.34500 0.00010 -0.03526 -0.00193 0.02218 -0.00090 -0.00099 -0.64430 0.00002 0.15249 0.03973 0.00323 -0.00354 -0.02625 -0.00128 0.01247 0.00130 -0.00197 -0.01802
-0.01087 -0.00589 -0.01290 0.00179 0.00152 -0.00051 0.00144 0.00275 -0.00555 0.00047 -0.00003 0.00068 0.00084 -0.00272 0.00106 -0.21970 -0.00024 0.00103 -0.01295 0.00292 -0.00445 -0.00075 -0.00117 0.00066 0.00061 0.00415 0.00127
-0.00741 -0.00054 0.00005 0.12929 -0.00713 0.00014 -0.00029 -0.00922 -0.00603 0.00290 0.09201 -0.00000 0.00009 -0.00031 -0.00195 0.00473 0.00001 -0.00903 -0.02267 -0.00163 -0.02499 0.00259 -0.00926 -0.00373 0.00776 -0.00712 0.01408
-0.02232 -0.00000 0.05658 -0.17704 -0.00603 0.00001 -0.00021 0.00481 0.04190 -0.00055 -0.00567 0.88766 -0.00001 -0.00019 -0.00033 0.01017 -0.00008 -0.00193 -0.01555 -0.00027 -0.00106 0.00303 -0.00126 -0.00250 0.00661 -0.00092 -0.85110
0.05005 -0.04026 -1.06736 -0.73687 0.00581 0.00748 0.00501 -0.00140 -0.03542 0.00895 -0.03283 -0.11812 -0.29892 -0.00000 0.00896 0.00939 0.00005 0.09862 0.14055 -0.00231 -0.00595 -0.00639 -0.00188 -0.00239 -0.00635 -0.00531 -0.19594
0.00859 -0.00035 -0.00158 -0.00225 -0.14799 -0.07456 1.19399 0.02585 0.08534 -0.00020 -0.01155 0.00695 0.02841 0.00140 -0.00011 0.39956 0.00012 -0.00012 -0.00163 0.54740 0.63837 0.00105 0.00028 -0.01245 -0.02993 0.00015 0.00970
0.00036 0.00096 0.00401 0.00174 0.00007 -0.00113 -0.00053 0.00077 0.00042 0.00012 0.00049 -0.00275 0.00108 -0.00077 -0.00006 -0.00001 0.00002 -0.00011 -0.01723 -0.00042 -0.01761 0.00043 -0.00032 0.00266 0.00020 -0.00155 0.00428
0.72928 -0.23025 -0.17154 1.46950 -0.73295 -1.10269 -0.62441 -0.39602 0.44088 -0.74179 0.42981 -0.92619 -0.19596 -0.39452 -0.98682 0.78905 -0.00000 -0.10027 0.91841 -1.13061 -0.68959 -0.90186 -1.29696 -0.17398 -1.20957 -1.38505 0.94675
-0.53644 0.00113 0.00080 -0.00022 -0.00006 0.00289 -0.00019 -0.12477 -0.12181 -0.00046 -0.00316 0.00005 0.00145 0.00011 0.01084 -0.03555 -0.00017 -0.00000 0.06903 0.00414 0.00313 -0.03245 -0.00014 -0.00138 -0.00008 -0.00283 0.00446
-0.00024 0.00137 0.00324 -0.00034 0.00709 0.00206 0.00120 -0.00078 -0.00233 -0.00009 -0.01019 -0.00424 0.00216 -0.00013 0.00779 0.00254 -0.00008 0.00036 0.00002 -0.00219 -0.00350 -0.00414 -0.00494 -0.00068 0.00008 -0.00213 -0.00302
0.01259 0.00110 0.00313 0.00162 0.09693 0.20309 0.53017 0.17177 0.00283 0.02185 0.02139 0.02972 0.05618 0.00128 0.00004 0.01320 0.00001 0.00142 0.00887 0.00000 0.55985 0.00452 0.00021 0.03811 -0.00016 0.00001 -0.06133
-0.00105 0.00075 -0.00496 -0.00119 0.00066 0.00166 0.01087 0.01205 -0.00692 0.00665 -0.00029 -0.00493 -0.00318 0.00654 -0.00004 -0.00264 -0.00010 0.00281 -0.00591 0.00003 0.00002 0.00408 0.00037 -0.01058 -0.00020 0.00050 0.00958
-0.00044 0.00032 -0.00259 -0.00144 0.00169 0.00251 0.00307 -0.00216 -0.00106 -0.00031 0.02322 0.00718 0.01373 -0.00165 0.00362 0.02348 -0.00010 -0.00009 0.02172 0.01009 0.01649 0.00018 0.00754 0.00024 0.00009 -0.00176 0.01140
-0.00064 -0.00422 0.01618 -0.00099 0.08184 0.01204 0.29777 -0.16597 0.01177 0.00420 -0.00054 0.00338 0.00679 -0.00918 0.39024 0.03082 0.00016 -0.00103 -0.00720 0.12042 0.00271 -0.00452 -0.00000 -0.14418 0.04387 0.00011 -0.00213
0.01382 0.00079 0.00900 0.00228 -0.00020 0.00261 0.00054 -0.00016 0.03093 0.00184 0.00541 -0.00245 -0.00186 -0.00585 -0.00071 0.00096 -0.00012 -0.00077 0.01073 0.00019 -0.00538 -0.01222 0.00005 -0.00001 0.00013 -0.00231 0.00066
-0.18165 0.00035 -0.00282 -0.01044 0.00011 0.00602 0.02332 -0.39682 -0.12985 0.04189 0.01014 -0.00740 0.00038 -0.00218 0.00026 -0.11086 -0.00021 0.08284 -0.00060 0.00084 0.01033 0.01038 -0.00018 -0.64906 0.00001 -0.00181 -0.00524
-0.00791 -0.00013 0.00610 -0.00092 0.01068 0.02711 0.14388 0.04872 -0.02732 0.00662 -0.00611 -0.00020 0.01301 0.00103 0.35202 -0.01317 0.00004 -0.00690 -0.03786 0.17031 -0.00490 0.00008 0.22114 0.01133 -0.00755 -0.00002 0.00830
-0.00416 0.00116 0.00045 -0.00040 0.00209 0.00009 0.00067 0.00599 0.00037 -0.00233 -0.06710 -0.00420 -0.00014 -0.00004 0.00019 0.00132 0.00006 -0.00180 -0.01843 0.00078 -0.00032 -0.00637 0.00199 0.00061 -0.00640 0.00406 0.00000
